Run1:0.092537
Run2:0.102327
Run3:0.099460
Run4:0.095043
