Run1:0.071970
Run2:0.072678
Run3:0.072491
Run4:0.120307
