Run1: 0.474219
Run2:0.519560
Run3:0.524693
Run4:0.523669
