Run1:0.956178
Run2:0.960265
Run3:0.960460
Run4:0.922259
